mixed_state_measured_on_hv_basis
mixed_state_measured_on_da_basis
pH:  0.4913640527876378         pV:  0.5086359472123622 
pA:  0.4976337869315945         pD:  0.5023662130684056 
pR:  0  pL:  0
stokes:  [ 1.         -0.00473243  0.         -0.01727189]
check normalization:  0.017908495027757012
pguess: 0.9999944010043662 hmin: 8.077665848261389e-06 


d_state_measured_on_hv_basis
d_state_measured_on_da_basis
pH:  0.5188958242706889         pV:  0.481104175729311 
pA:  0.029309210341317466       pD:  0.9706907896586825 
pR:  0  pL:  0
stokes:  [ 1.         -0.94138158  0.          0.03779165]
check normalization:  0.942139844491003
pguess: 0.6686718130882748 hmin: 0.5806297910496863 


l_state_measured_on_hv_basis
l_state_measured_on_da_basis
l_state_measured_on_lr_basis
pH:  0.5130869858874552         pV:  0.4869130141125449 
pA:  0.49993965538049867        pD:  0.5000603446195013 
pR:  0.005707462751224478       pL:  0.9942925372487755
stokes:  [ 1.00000000e+00 -1.20689239e-04 -9.88585074e-01  2.61739718e-02]
check normalization:  0.9889315147590833
pguess: 0.5753318258022116 hmin: 0.7975338164659151 